"0","

library(tidyverse)

### may need to install this in console first!
library(nycflights13)
library(lubridate) 
"
"2","
Attaching package: ‘lubridate’

"
"2","The following objects are masked from ‘package:base’:

    date, intersect, setdiff, union

"
